3 3
-10.000000 -10.000000 0.000000  0.000000 0.000000 1.000000
0.000000 -10.000000 0.000000  0.000000 -0.447214 0.894427
10.000000 -10.000000 0.000000  0.000000 0.000000 1.000000
-10.000000 0.000000 0.000000  -0.447214 0.000000 0.894427
0.000000 0.000000 7.000000  0.408248 0.408248 0.816497
10.000000 0.000000 0.000000  0.000000 0.000000 1.000000
-10.000000 10.000000 0.000000  0.000000 0.000000 1.000000
0.000000 10.000000 0.000000  0.000000 0.000000 1.000000
10.000000 10.000000 0.000000  0.000000 0.000000 1.000000
